(array([[0, 0, 0, 0, 0],
       [0, 0, 0, 0, 0],
       [0, 0, 0, 0, 0],
       [0, 0, 0, 0, 0],
       [1, 1, 1, 1, 1]]), 59, 352)
#correr 130

(array([[ 0,  0,  0,  0,  0],
       [ 0,  0,  0,  0,  0],
       [ 0,  0,  0,  0,  0],
       [ 0,  0,  0, -1,  0],
       [ 1,  1,  1,  1,  1]]), 86, 352)
#pular 1

(array([[0, 0, 0, 0, 0, 0, 0, 0, 0, 0, 0, 0, 0],
       [0, 0, 0, 0, 0, 0, 0, 0, 0, 0, 0, 0, 0],
       [1, 1, 1, 1, 1, 0, 0, 0, 0, 0, 0, 0, 0],
       [0, 0, 0, 0, 0, 0, 0, 0, 0, 0, 0, 0, 0],
       [0, 0, 0, 0, 0, 0, 0, 0, 0, 0, 0, 0, 0],
       [0, 0, 0, 0, 0, 0, 0, 0, 0, 0, 0, 0, 0],
       [0, 0, 0, 0, 0, 0, 0, 0, 0, 0, 0, 0, 0],
       [0, 0, 0, 0, 0, 0, 0, 0, 0, 0, 0, 0, 0],
       [0, 0, 0, 0, 0, 0, 0, 0, 0, 0, 0, 0, 0],
       [0, 0, 0, 0, 0, 0, 0, 0, 0, 0, 0, 0, 0],
       [0, 0, 1, 1, 1, 1, 1, 0, 0, 1, 1, 1, 1],
       [1, 1, 1, 0, 0, 0, 1, 0, 0, 1, 0, 0, 0],
       [0, 0, 0, 0, 0, 0, 1, 0, 0, 1, 0, 0, 0]]), 3635, 325) 386

#BURACO

(array([[ 0,  0,  0,  0,  0,  0,  0,  0,  0,  0,  0,  0,  0],
       [ 0,  0,  0,  0,  0,  0,  0,  0,  0,  0,  0,  0,  0],
       [ 0,  0,  0,  0,  0,  0,  0,  0,  0,  0,  0,  0,  0],
       [ 0,  0,  0,  0,  0,  0,  0, -1, -1, -1, -1,  0,  0],
       [ 0,  0,  0,  0,  0,  0,  0, -1, -1, -1, -1,  0,  0],
       [ 0,  0,  0,  0,  0,  0,  0, -1, -1, -1, -1,  0,  0],
       [ 0,  0,  0,  0,  0,  0,  0, -1, -1, -1, -1,  0,  0],
       [ 1,  1,  0,  0,  0,  0,  0,  1,  1,  1,  1,  1,  1],
       [ 0,  1,  1,  1,  1,  1,  1,  1,  0,  0,  0,  0,  0],
       [ 0,  0,  0,  0,  0,  0,  0,  0,  0,  0,  0,  0,  0],
       [ 0,  0,  0,  0,  0,  0,  0,  0,  0,  0,  0,  0,  0],
       [ 0,  0,  0,  0,  0,  0,  0,  0,  0,  0,  0,  0,  0],
       [ 0,  0,  0,  0,  0,  0,  0,  0,  0,  0,  0,  0,  0]]), 3152, 368) 131

#BALA E CHAO REBAIXADO E O MARIO PULOU


