m =  np.array([[ 0,  0,  0,  0,  0,  0,  0],
     [ 0,  0,  0,  0,  0,  0,  0],
     [ 0,  0,  0,  0,  0,  0,  0],
     [ 0,  0,  0,  0,  0,  0,  0],
     [ 0,  0,  0,  0,  0,  0, -1],
     [ 1,  1,  1,  1,  1,  1,  1],
     [ 0,  0,  0,  0,  0,  0,  0]])

k =  np.array([[ 0,  0,  0,  0,  0,  0,  0],
     [ 0,  0,  0,  0,  0,  0, 0],
     [ 0,  0,  0,  0,  0,  0, 0],
     [ 0,  0,  0,  0,  0,  0, -1],
     [ 0,  0,  0,  0,  0,  0, -1],
     [ 0,  0,  0,  0,  0,  0, -1],
     [ 0,  0,  0,  0,  0,  0, -1]])

z =  np.array([[ 0,  0,  0,  0,  0,  0,  0],
     [ 0,  0,  0,  0,  0,  0, 0],
     [ 0,  0,  0,  0,  0,  0, 0],
     [ 0,  0,  0,  0,  0, -1, 1],
     [ 0,  0,  0,  0,  0,  1, 1],
     [ 0,  0,  0,  0,  0,  1, 1],
     [ 0,  0,  0,  0,  0,  1, 1]])

w =  np.array([[ 0,  0,  0,  0,  0,  0,  0],
     [ 0,  0,  0,  0,  0,  0, 0],
     [ 0,  0,  0,  0,  0,  0, 0],
     [ 0,  0,  0,  0,  0,  0, 0],
     [-1,  0,  0,  0,  0, 0, 0],
     [ 1,  1,  1,  1,  0, 0, 1],
     [ 0,  0,  0,  1,  0, 0, 1]])

p =  np.array([[ 0,  0,  0,  0,  0,  0,  0],
     [ 0,  0,  0,  0,  0,  -1, -1],
     [ 0,  0,  0,  0,  0,  -1, -1],
     [ 0,  0,  0,  0,  0,  -1, -1],
     [ 0,  0,  0,  0,  0, -1, -1],
     [ 1,  1,  0,  0,  0, 0, 1],
     [ 0,  1,  1,  1,  1, 1, 1]])
